688
689
690
692
685
686
688
689
690
692
685
686
688
689
690
692
685
686
688
689
690
692
685
686
688
689
690
692
685
686
688
689
691
693
698
105
106
107
109
111
112
114
106
107
109
111
112
114
106
107
109
111
112
114
106
107
109
111
112
114
106
107
109
111
112
114
106
107
109
111
112
114
106
107
109
111
112
114
106
107
109
111
112
114
106
107
109
111
112
114
106
107
109
111
112
114
106
107
109
111
112
114
106
107
109
111
112
114
106
107
109
111
112
114
106
107
109
111
112
114
106
107
109
111
112
114
106
107
109
110
112
113
114
106
108
115
699
701
105
106
107
109
111
112
114
106
107
109
111
112
114
106
107
109
111
112
114
106
107
109
111
112
114
106
107
109
111
112
114
106
107
109
111
112
114
106
107
109
111
112
114
106
107
109
111
112
114
106
107
109
111
112
114
106
107
109
111
112
114
106
107
109
111
112
114
106
107
109
111
112
114
106
107
109
111
112
114
106
107
109
111
112
114
106
107
109
111
112
114
106
107
109
111
112
114
106
107
109
111
112
114
106
107
109
111
112
114
106
107
109
111
112
114
106
107
109
110
112
113
114
106
108
115
702
15
17
19
21
22
23
24
26
27
22
23
24
26
27
22
23
24
26
27
22
23
24
26
27
22
23
24
25
28
29
30
31
33
29
31
33
29
31
33
29
31
33
29
31
32
34
703
549
545
488
489
490
492
493
494
496
497
533
489
490
492
493
494
496
497
533
489
490
492
493
494
496
497
533
489
490
492
493
494
496
497
533
489
490
492
493
494
496
497
533
489
491
534
546
129
130
131
133
